--data file generated by generate_routes.lua (Sun Dec 29 06:53:24 2019)
return {
	["spruce_head"] = {
		["goatshead_harbor"] = {
			x = 266, y = 131,
			6,6,6,7,7,7,0,0,0,0,0,0,0,0,0,0,0,0,0,0,0,0,0,0,0,0,0,0,0,0,0,0,7,7,7,7,7,0,0,0,0,0,0,0,0,0,0,0,1,1,1,1,1,1,1,1,1,1,1,1,2,1,1,2,1,2,1,1,2,1,1,2,1,1,2,1,2,1,1,2,1,1,2,1,1,2,1,2,1,1,2,1,1,1,1,1,1,1,1,1,1,0,0,0,0,0,0,0,0,0,0,0,0,0,0,0,0,0,0,0,0,0,0,0,0,0,0,0,0,0,0,0,0,0,0,0,0,0,0,0,0,0,0,0,0,0,0,0,0,0,0,0,0,0,0,0,0,0,0,0,0,0,0,0,0,0,0,0,0,0,0,0,0,0,0,0,0,0,0,0,0,0,0,0,0,0,0,1,1,1,0,0,0,0,0,0,0,0,0,0,0,0,0,0,0,0,0,0,0,0,0,0,0,0,0,0,0,0,0,0,0,0,0,0,0,0,0,7,7,7,7,7,7,7,7,6,6,6,6,6,6,6,6,6,6,6,6,7,7,6,5,6,6,6,6,5,5,5,4,4,4,4,5,5,5,4,4,4,4,4,4,4,4,4,4,3,3,3,3,3,3,3,3,4,4,3,3,3,3,3,4,4,4,4,4,4
		},
	},
	["goatshead_harbor"] = {
		["spruce_head"] = {
			x = 266, y = 131,
			0,0,0,0,0,0,7,7,7,7,7,0,0,7,7,7,7,7,7,7,7,0,0,0,0,0,0,0,0,0,0,1,1,1,0,0,0,0,1,1,1,2,2,2,2,1,2,3,3,2,2,2,2,2,2,2,2,2,2,2,2,3,3,3,3,3,3,3,3,4,4,4,4,4,4,4,4,4,4,4,4,4,4,4,4,4,4,4,4,4,4,4,4,4,4,4,4,4,4,4,4,4,4,4,4,4,5,5,5,4,4,4,4,4,4,4,4,4,4,4,4,4,4,4,4,4,4,4,4,4,4,4,4,4,4,4,4,4,4,4,4,4,4,4,4,4,4,4,4,4,4,4,4,4,4,4,4,4,4,4,4,4,4,4,4,4,4,4,4,4,4,4,4,4,4,4,4,4,4,4,4,4,4,4,4,4,4,4,4,4,4,4,4,4,4,5,5,5,5,5,5,5,5,5,5,6,5,5,6,5,6,5,5,6,5,5,6,5,5,6,5,6,5,5,6,5,5,6,5,5,6,5,6,5,5,6,5,5,5,5,5,5,5,5,5,5,5,5,4,4,4,4,4,4,4,4,4,4,4,3,3,3,3,3,4,4,4,4,4,4,4,4,4,4,4,4,4,4,4,4,4,4,4,4,4,4,4,4,4,4,3,3,3,2,2,2
		},
		["ballast_harbor"] = {
			x = 266, y = 131,
			0,0,0,0,0,0,7,7,7,7,7,0,0,7,7,7,7,7,7,7,7,0,0,0,0,0,0,0,0,0,0,1,1,1,0,0,0,0,0,0,0,0,0,7,7,7,7,7,7,7,6,6,6,6,6,6,6,6,6,6,6,6,7,7,7,7,7,7,7,7,7,7,6,6,6,6,6,6,6,6,7,7,7,7,7,0,0,0,0,0,0,0,0,0,0,0,0,0,1,1,1
		},
		["snapmast"] = {
			x = 266, y = 131,
			0,0,0,0,0,0,7,7,7,7,7,0,0,7,7,7,7,7,7,7,7,0,0,0,0,0,0,0,0,0,0,1,1,1,0,0,0,0,0,0,0,0,0,0,0,0,0,1,1,1,2,2,3,3,2,2,2,2,2,2,2,2,2,2,2,2,2,2,2,2,2,2,2,2,2,2,2,1,1,1,1,1,1,1,1,2,2,2,2,2,2,2,2,2,2,2,2,2,2,2,2,2,2,2,2,2,2,2,2,2,2,2,2,2,2,2,2,2,2,2,2,2,2,2,1,1,1,1,1,0,0
		},
		["yarrowmouth"] = {
			x = 266, y = 131,
			0,0,0,0,0,0,7,7,7,7,7,0,0,7,7,7,7,7,7,7,7,0,0,0,0,0,0,0,0,0,0,1,1,1,0,0,0,0,1,1,1,2,2,2,2,1,2,3,3,2,2,2,2,2,2,2,2,2,2,2,2,2,2,3,3,3,3,3,3,3,3,3,3,3,3,3,3,3,3,2,2,2,1,2,2,1,2,2,1,2,2,2,1,2,2,1,2,2,1,2,2,1,2,2,1,2,2,2,1,2,2,1,2,2
		},
		["kingsdown"] = {
			x = 266, y = 131,
			0,0,0,0,0,0,7,7,7,7,7,0,0,7,7,7,7,7,7,7,7,0,0,0,0,0,0,0,0,0,0,1,1,1,0,0,0,0,0,0,0,0,0,0,0,0,0,1,1,1,2,2,3,3,2,2,2,2,2,2,2,2,2,2,2,2,2,2,2,2,2,2,2,2,2,2,2,2,1,1,1
		},
		["limestone_island"] = {
			x = 266, y = 131,
			0,0,0,0,0,0,7,7,7,7,7,0,0,7,7,7,7,7,7,7,7,0,0,0,0,0,0,0,0,0,0,1,1,1,0,0,0,0,0,0,0,0,0,7,7,7,7,7,7,7,6,6,6,5,5,5,5,6,5,6,5,6,5,5,4,4,4,4,4,4,4,4,4,3,4,4,5,5,6,5,5,5,5,5,5,4,4,5,5,5,5,5,5,5,5,5,6,6,6,6,6,6,5,5,5,5,5,5,5,5,5,5,5,5,5,5,5,5,4,4,3,3,2,3,3,3,3,3
		},
		["zephyr_bay"] = {
			x = 266, y = 131,
			0,0,0,0,0,0,7,7,7,7,7,0,0,7,7,7,7,7,7,7,7,0,0,0,0,0,0,0,0,0,0,1,1,1,0,0,0,0,0,0,0,0,0,7,7,7,7,7,7,7,6,6,6,5,5,5,5,4,4,4,3,3,3,3,3,2,2
		},
		["isle_of_storms"] = {
			x = 266, y = 131,
			0,0,0,0,0,0,7,7,7,7,7,0,0,7,7,7,7,7,7,7,7,0,0,0,0,0,0,0,0,0,0,1,1,1,0,0,0,0,0,0,0,0,0,0,0,0,0,0,0,1,0,1,0,1,0,0,1,0,1,0,1,0,1,0,0,1,0,1,0,1,0,1,0,0,1,0,1,0,1,0,1,0,0,1,0,1,0,1,0,1,0,0,1,0,1,0,1,0,1,0,0,1,0,1,0,1,0,1,0,0,1,0,0,0
		},
		["oakhaven"] = {
			x = 266, y = 131,
			0,0,0,0,0,0,7,7,7,7,7,0,0,7,7,7,7,7,7,7,7,0,0,0,0,0,0,0,0,0,0,1,1,1,0,0,0,0,1,1,1,2,2,2,2,1,2,3,3,2,2,2,2,2,2,2,2,2,2,2,2,3,3,3,3,3,3,3,3,4,4,4,4,4,4,4,4,4,4,4,4,4,4,4,4,4,4,4,4,4,4,4,4,4,4,4,4,4,4,4,4,4,4,4,4,4,5,5,5,4,4,4,4,4,4,4,4,4,4,4,4,4,4,4,4,4,4,4,4,4,4,4,4,4,4,4,4,4,4,4,4,4,4,4,4,4,4,4,4,4,4,4,4,4,4,4,4,4,4,4,4,4,4,4,4,4,4,4,4,4,4,4,4,4,4,4,4,4,4,4,4,4,4,4,4,4,4,4,4,4,4,4,4,4,4,4,4,4,3,3,3,3,3,3,3,3,3,3,4,4,4,4,4,4,4,4,4,4,4,4,4,4,4,4,4,3,3,3,3,3,3,3,3,4,4,4,4,4,4,4,4,4,4,4,4,4
		},
		["ivystump"] = {
			x = 266, y = 131,
			0,0,0,0,0,0,7,7,7,7,7,0,0,7,7,7,7,7,7,7,7,0,0,0,0,0,0,0,0,0,0,1,1,1,0,0,0,0,1,1,1,2,2,2,2,1,2,3,3,2,2,2,2,2,2,2,2,2,2,2,2,3,3,3,3,3,3,3,3,4,4,4,4,4,4,4,4,4,4,4,4,4,4,4,4,4,4,4,4,4,4,4,4,4,4,4,4,4,4,4,4,4,4,4,4,4,3,3,3,3,4,4,4,4,4,3,3,3,3,3,3,3,3,3,3,3,3,3,3,3,3,3,2,2,3,3,3,3,4,4,4,4,4,4,4,4,4,4,4,4,4,4,4,4,4,4,4,4,4,4,4,4,4,4,4,4,3,3,3,4,4,4,4,4,3,3,4,3,3,3,3,3,3,2,2,2,2,2,2,2,2,2,2,2,2,2,3,3,3,2,2,2,2,2,2,2,2,2,2,3,3,3,3,2,2,2,2,3,3
		},
	},
	["snapmast"] = {
		["goatshead_harbor"] = {
			x = 266, y = 131,
			4,4,5,5,5,5,5,6,6,6,6,6,6,6,6,6,6,6,6,6,6,6,6,6,6,6,6,6,6,6,6,6,6,6,6,6,6,6,6,6,6,6,6,6,6,6,5,5,5,5,5,5,5,5,6,6,6,6,6,6,6,6,6,6,6,6,6,6,6,6,6,6,6,6,6,6,6,7,7,6,6,5,5,5,4,4,4,4,4,4,4,4,4,4,4,4,4,5,5,5,4,4,4,4,4,4,4,4,4,4,3,3,3,3,3,3,3,3,4,4,3,3,3,3,3,4,4,4,4,4,4
		},
	},
	["ballast_harbor"] = {
		["goatshead_harbor"] = {
			x = 266, y = 131,
			5,5,5,4,4,4,4,4,4,4,4,4,4,4,4,4,3,3,3,3,3,2,2,2,2,2,2,2,2,3,3,3,3,3,3,3,3,3,3,2,2,2,2,2,2,2,2,2,2,2,2,3,3,3,3,3,3,3,4,4,4,4,4,4,4,4,4,5,5,5,4,4,4,4,4,4,4,4,4,4,3,3,3,3,3,3,3,3,4,4,3,3,3,3,3,4,4,4,4,4,4
		},
	},
	["yarrowmouth"] = {
		["goatshead_harbor"] = {
			x = 266, y = 131,
			6,6,5,6,6,5,6,6,6,5,6,6,5,6,6,5,6,6,5,6,6,5,6,6,6,5,6,6,5,6,6,5,6,6,6,7,7,7,7,7,7,7,7,7,7,7,7,7,7,7,7,6,6,6,6,6,6,6,6,6,6,6,6,6,6,7,7,6,5,6,6,6,6,5,5,5,4,4,4,4,5,5,5,4,4,4,4,4,4,4,4,4,4,3,3,3,3,3,3,3,3,4,4,3,3,3,3,3,4,4,4,4,4,4
		},
	},
	["limestone_island"] = {
		["goatshead_harbor"] = {
			x = 266, y = 131,
			7,7,7,7,7,6,7,7,0,0,1,1,1,1,1,1,1,1,1,1,1,1,1,1,1,1,2,2,2,2,2,2,1,1,1,1,1,1,1,1,1,0,0,1,1,1,1,1,1,2,1,1,0,0,7,0,0,0,0,0,0,0,0,0,1,1,2,1,2,1,2,1,1,1,1,2,2,2,3,3,3,3,3,3,3,4,4,4,4,4,4,4,4,4,5,5,5,4,4,4,4,4,4,4,4,4,4,3,3,3,3,3,3,3,3,4,4,3,3,3,3,3,4,4,4,4,4,4
		},
	},
	["kingsdown"] = {
		["goatshead_harbor"] = {
			x = 266, y = 131,
			5,5,5,6,6,6,6,6,6,6,6,6,6,6,6,6,6,6,6,6,6,6,6,6,6,6,6,7,7,6,6,5,5,5,4,4,4,4,4,4,4,4,4,4,4,4,4,5,5,5,4,4,4,4,4,4,4,4,4,4,3,3,3,3,3,3,3,3,4,4,3,3,3,3,3,4,4,4,4,4,4
		},
	},
	["zephyr_bay"] = {
		["goatshead_harbor"] = {
			x = 266, y = 131,
			6,6,7,7,7,7,7,0,0,0,1,1,1,1,2,2,2,3,3,3,3,3,3,3,4,4,4,4,4,4,4,4,4,5,5,5,4,4,4,4,4,4,4,4,4,4,3,3,3,3,3,3,3,3,4,4,3,3,3,3,3,4,4,4,4,4,4
		},
	},
	["isle_of_storms"] = {
		["goatshead_harbor"] = {
			x = 266, y = 131,
			4,4,4,5,4,4,5,4,5,4,5,4,5,4,4,5,4,5,4,5,4,5,4,4,5,4,5,4,5,4,5,4,4,5,4,5,4,5,4,5,4,4,5,4,5,4,5,4,5,4,4,5,4,5,4,5,4,5,4,4,5,4,5,4,5,4,4,4,4,4,4,4,4,4,4,4,4,4,4,4,5,5,5,4,4,4,4,4,4,4,4,4,4,3,3,3,3,3,3,3,3,4,4,3,3,3,3,3,4,4,4,4,4,4
		},
	},
	["oakhaven"] = {
		["goatshead_harbor"] = {
			x = 266, y = 131,
			0,0,0,0,0,0,0,0,0,0,0,0,0,7,7,7,7,7,7,7,7,0,0,0,0,0,0,0,0,0,0,0,0,0,0,0,0,0,7,7,7,7,7,7,7,7,7,7,0,0,0,0,0,0,0,0,0,0,0,0,0,0,0,0,0,0,0,0,0,0,0,0,0,0,0,0,0,0,0,0,0,0,0,0,0,0,0,0,0,0,0,0,0,0,0,0,0,0,0,0,0,0,0,0,0,0,0,0,0,0,0,0,0,0,0,0,0,0,0,0,0,0,0,0,0,0,0,0,0,0,0,0,0,0,0,0,0,1,1,1,0,0,0,0,0,0,0,0,0,0,0,0,0,0,0,0,0,0,0,0,0,0,0,0,0,0,0,0,0,0,0,0,0,0,0,0,0,7,7,7,7,7,7,7,7,6,6,6,6,6,6,6,6,6,6,6,6,7,7,6,5,6,6,6,6,5,5,5,4,4,4,4,5,5,5,4,4,4,4,4,4,4,4,4,4,3,3,3,3,3,3,3,3,4,4,3,3,3,3,3,4,4,4,4,4,4
		},
	},
	["ivystump"] = {
		["goatshead_harbor"] = {
			x = 266, y = 131,
			7,7,6,6,6,6,7,7,7,7,6,6,6,6,6,6,6,6,6,6,7,7,7,6,6,6,6,6,6,6,6,6,6,6,6,6,7,7,7,7,7,7,0,7,7,0,0,0,0,0,7,7,7,0,0,0,0,0,0,0,0,0,0,0,0,0,0,0,0,0,0,0,0,0,0,0,0,0,0,0,0,7,7,7,7,6,6,7,7,7,7,7,7,7,7,7,7,7,7,7,7,7,7,7,0,0,0,0,0,7,7,7,7,0,0,0,0,0,0,0,0,0,0,0,0,0,0,0,0,0,0,0,0,0,0,0,0,0,0,0,0,0,0,0,0,0,0,0,0,0,7,7,7,7,7,7,7,7,6,6,6,6,6,6,6,6,6,6,6,6,7,7,6,5,6,6,6,6,5,5,5,4,4,4,4,5,5,5,4,4,4,4,4,4,4,4,4,4,3,3,3,3,3,3,3,3,4,4,3,3,3,3,3,4,4,4,4,4,4
		},
	},
}
